2015007498
2022013333
2018018296
2017020150
2018004928
2019008895
2014022137
2020017109
2019014346
2019001343
2015031138
2014015167
2021002473
2017029347
2019029046
2015030103
2018029634
2013031933
2018028508
2020018304
2016023071
2020003749
2013026658
2021001314
2019013102
2019023348
2015030325
2018030636
2020012928
2015023433
2022019818
2018025548
2018000844
2017023944
2021015096
2020008249
2019004842
2018008790
2014014971
2017015402
2014027480
2022003295
2016005939
2018013788
2013007608
2020024657
2017007875
2017016655
2016015568
2018003742
2017025523
2014007561
2017026505
2020005885
2021004078
2017032146
2018025456
2018029801
2017018244
2019031863
2022018232
2019007200
2016006633
2017009480
2021013622
2014003110
2014001780
2022002074
2019009699
2016027072
2021003809
2017025349
2017016990
2016012281
2016022032
2015022054
2019020200
2020028193
2020022340
2022011102
2015009574
2014005704
2016009765
2014011409
2022016354
2017023495
2015016830
2015002601
2014021258
2018008632
2022030464
2014020881
2016030896
2018031097
2016021308
2017029626
2018027208
2013012590
2015009901
2021023449
2013019309
2017029243
2021005868
2016005286
2016001117
2015028622
2016016762
2021000351
2014011384
2013009555
2013028218
2020008643
2019001221
2019009469
2014020980
2015027096
2013000620
2018030276
2020024787
2022010277
2020026941
2021001122
2022012519
2019031800
2016030248
2013007381
2013027812
2013023842
2019006595
2018032224
2022021858
2013012278
2020017096
2013029961
2014021979
2018028238
2014014483
2016003484
2019009392
2014023750
2020001448
2013020263
2018030436
2017020862
2020029227
2018003069
2022016991
2021002716
2014003687
2018016307
2018004204
2018005320
2018019784
2021032165
2014024635
2016016814
2022012000
2017028530
2018006496
2022011904
2017031462
2015025468
2018003667
2015023154
2022002866
2013027497
2013003822
2016019772
2016009794
2020002725
2015002802
2021019867
2018027065
2018029918
2019017538
2021010192
2013017627
2015023686
2016004774
2022001055
2017000785
2013020820
2017013257
2013019793
2016026219
2017011971
2013012348
2022010035
2021021017
2020006802
2019019633
2016029973
2016001265
2022004931
2021003264
2020028748
2021025581
2014003740
2017017765
2019020144
2020021674
2022010280
2021016256
2019031006
2021010218
2019024503
2017027220
2019020983
2021005138
2019026586
2014007689
2017002976
2021016300
2020001128
2017028203
2014003840
2017023526
2022030972
2015003112
2020029189
2018020242
2016001908
2020014805
2013032288
2019028453
2015032371
2019019434
2017018116
2018019512
2014022496
2022015489
2017020458
2022002825
2018026470
2016019867
2014017552
2015020347
2013006386
2019015259
2022015669
2018014097
2021016184
2019032713
2021005727
2014025463
2016029230
2017008912
2013022294
2016005370
2014032142
2013008001
2017010086
2019021771
2019024408
2018021518
2018022241
2015012480
2015022095
2015001807
2018029466
2014000851
2015000119
2014030593
2017028203
2021020641
2018002461
2014000130
2014021808
2018012204
2014027087
2015019350
2022005834
2014017689
2018013280
2016004901
2014022941
2017019891
2013029670
2018029946
2014025298
2018014566
2022007611
2013021702
2013003221
2014021317
2018002943
2017020123
2014019608
2022000260
2018003092
2016014705
2021019087
2013002174
2020000416
2022014757
2013001714
2021027825
2021004111
2013025461
2018004158
2016022461
2016023439
2019028037
2022019444
2016005481
2015022290
2015029533
2017019096
2017007582
2021008912
2014018409
2021012148
2015012010
2020031426
2019022519
2016009938
2018030974
2018013608
2014007356
2017027782
2016022320
2022020739
2018007760
2021025185
2022006906
2014005276
2021001581
2013014015
2013026233
2017015355
2014016820
2019006906
2022005871
2016014193
2015013480
2017002549
2017016194
2019031247
2022031666
2022007826
2022012922
2022022572
2022016091
2018031292
2017007750
2016030179
2016005141
2018015198
2018013688
2022017811
2014029106
2021001001
2015027269
2016005725
2022012522
2014004051
2017014854
2019012969
2017008282
2014023442
2020001338
2013003746
2021009856
2015023205
2017031873
2017001717
2013029760
2015015884
2019006626
2017011798
2022018274
2015019146
2022011142
2017011579
2017015634
2017016490
2022028219
2017012383
2019013406
2016020344
2014014322
2016026112
2013016572
2013008195
2020012865
2019003425
2015011393
2015026658
2016009442
2019005385
2020002923
2019004716
2014020530
2022018755
2020023832
2014029822
2013022451
2013004764
2019016268
2022005497
2017015499
2017017511
2017012719
2017001153
2020026626
2019031548
2017026061
2015016191
2019017928
2016002933
2016009236
2013010336
2018028589
2022032688
2015015642
2020003604
2022026022
2015010064
2013003156
2013016528
2014023247
2019013563
2015002720
2019014476
2017003747
2020027933
2015028860
2013019909
2017014278
2013025700
2016027084
2019032124
2021032380
2013020035
2020021976
2021016630
2018001839
2014023407
2014007244
2015029690
2013003309
2015010341
2017003703
2015019286
2017003047
2013015329
2019023052
2020023386
2015031732
2017005480
2014002980
2018011867
2020006923
2020019392
2019008505
2016027442
2020018381
2017015219
2018011436
2019003003
2016027641
2015017743
2014001601
2020009046
2019030453
2016007400
2016003870
2021013673
2021026700
2019010005
2016000975
2019007131
2016027178
2018026735
2020024261
2013032155
2016031714
2017000982
2015019154
2015021783
2014011369
2016018667
2018009647
2020001734
2017025816
2018021142
2016004727
2020001950
2018017134
2019013698
2017007209
2018005022
2018000908
2021016028
2019026665
2015029766
2022032055
2013016792
2019030911
2021022298
2014010905
2021030573
2022032663
2013013347
2013017664
2022027860
2019016448
2016017517
2021028381
2015000204
2016000685
2018002186
2014028231
2018029464
2020005559
2022024334
2022030582
2013000703
2019024985
2013011025
2021001864
2013007308
2021002674
2018002736
2021019903
2020006540
2014008902
2020007564
2013010369
2016003475
2021028157
2013023369
2018011606
2014009655
2013013027
2020031249
2022017582
2022005842
2020007719
2014025870
2014021529
2018007172
2021013532
2014017140
2015030925
2013001328
2019022267
2022003188
2014021027
2014021882
2018020959
2016013002
2019023578
2020029136
2016000711
2016022064
2013022994
2021024414
2020002391
2015003177
2014020499
2015004631
2017002584
2021014135
2020004036
2014019251
2017000243
2022027365
2013020596
2018001963
2016009146
2015025790
2015023252
2018032447
2019021664
2017004499
2017017211
2015012401
2019009403
2014009273
2018013345
2020001032
2017026249
2022015369
2019018596
2016030350
2021020584
2017007007
2021030470
2017022865
2013012061
2016028187
2013002861
2021008294
2022010318
2019008227
2013012578
2017016673
2015003336
2016017375
2013003986
2014008351
2013015418
2019002235
2016029264
2021004668
2013005431
2013016809
2013001233
2019026141
2017031288
2018031644
2022007343
2015001959
2015025304
2021009230
2020005159
2014011270
2013032406
2021016251
2022013466
2022004264
2014026454
2020012260
2019012559
2015018879
2016025569
2016002893
2014012464
2022008386
2022014945
2015000575
2017026953
2019000748
2015004837
2019022087
2013018892
2016032700
2022027107
2017024693
2021013520
2014022387
2017004785
2022010206
2019019213
2015006553
2015018954
2014002074
2016017889
2019021369
2018022672
2022026566
2018025039
2022020128
2017017732
2015032515
2019022778
2015024418
2017006160
2022011766
2019028078
2022017237
2014011325
2021025414
2020001240
2016004052
2019004861
2020004769
2022020617
2016012413
2019001507
2016015159
2013002679
2016030131
2017026982
2020032317
2019015995
2021013085
2021024418
2013017772
2015009492
2015028198
2016027030
2021031104
2022003555
2019007291
2014007207
2020018617
2021023085
2015029327
2014024603
2013032093
2020001885
2013016922
2013017887
2020025651
2014018815
2016026774
2020026562
2014017161
2018013765
2013019905
2020023671
2020024368
2013032006
2018029214
2013014743
2021005115
2016013882
2018003444
2021009757
2020031044
2014014592
2022015693
2022031976
2019006631
2014002072
2022017272
2018032573
2019014917
2015019433
2022021639
2016005954
2018011970
2018023804
2014030290
2013010884
2015016966
2015024190
2020028274
2020031858
2018011456
2016026818
2019016583
2021008416
2020006559
2015017341
2020015859
2013032389
2015015959
2019012681
2020008668
2018024957
2014000226
2013018659
2013016942
2014007623
2018011837
2020024493
2016019671
2016016840
2014016615
2020001388
2018005769
2021022726
2018014181
2017003531
2018031036
2013015726
2019031424
2019011030
2013017065
2015031823
2014021765
2020006335
2018013007
2019018013
2016030660
2017021981
2018002674
2019029550
2017004754
2013028584
2017010647
2017005312
2020031111
2014023551
2014015882
2020006002
2014023489
2020025570
2019000472
2015030470
2019002527
2021007672
2016002517
2017032742
2017019590
2020030986
2021009240
2022008668
2018019168
2019022150
2022018042
2014021144
2020000280
2016013565
2021003354
2016000046
2018018143
2016027301
2014018651
2020005013
2020026090
2014028632
2018007652
2016000808
2015016498
2021014739
2013012832
2018029993
2014001971
2020009208
2013027580
2021029242
2016000621
2020027852
2021016300
2017010210
2015025446
2022015866
2021004134
2017015118
2014012262
2020018446
2013006949
2016010893
2016013881
2013027835
2019030951
2021016787
2017005169
2014031061
2018010863
2022006711
2022019873
2021029015
2022014340
2017012277
2014029411
2022026847
2014024496
2022000556
2021022355
2020028461
2021021442
2018018081
2017022482
2021002344
2017002381
2022011259
2019012612
2017015321
2022005798
2020011333
2022026386
2018009966
2015008682
2019028527
2022014761
2020012088
2019024438
2017015820
2022011513
2020014638
2018008301
2022000661
2021007926
2016029543
2015028981
2015024165
2016028186
2013012579
2019018426
2016018876
2019012258
2013021699
2016017194
2016018301
2015030541
2020019021
2022030712
2018010095
2022011104
2021004585
2013020697
2019022719
2022028069
2016023143
2018031753
2017019580
2016004262
2017011191
2017027143
2020026650
2013007799
2019008558
2013023573
2014002032
2018028458
2019013640
2019000697
2019004538
2014020312
2015006560
2016011327
2021005912
2018013983
2013009210
2014000821
2022002061
2022003614
2015018298
2021023789
2021030080
2016001787
2015008042
2017006142
2015025534
2015000221
2018002488
2018002755
2017011510
2019000115
2016020853
2021000475
2018029628
2020013803
2017026967
2019020135
2016009607
2021004987
2015013880
2021026063
2021003379
2018029660
2021027029
2016003518
2017030080
2021020682
2013027664
2020007457
2017023441
2021002437
2014022511
2019018796
2020012653
2022014675
2013000922
2022001365
2016012418
2018007676
2020007201
2014028503
2020015389
2019003661
2014020404
2018020528
2014021490
2014000150
2018002088
2014010596
2021005787
2014008491
2015013689
2018021432
2013021521
2021030950
2021010306
2013011703
2013012340
2020009123
2013031815
2018023088
2013021833
2017005827
2019004844
2020003766
2020013943
2018030634
2021007611
2013029215
2021025161
2020000578
2018014562
2021002821
2016025903
2017032629
2016005554
2014015945
2015015357
2016019382
2022013602
2017023947
2022022122
2017028025
2017012874
2020017842
2018010642
2021015287
