2016000046
2020001885
2019031006
2019024503
2016027030
2019026586
2015028198
2015009492
2021024418
2019015995
2018013983
2021016300
2017028025
2013020820
2020001128
2022030972
2018020242
2022002825
2018026470
2022003295
2016005939
2016019867
2013020697
2022002061
2013022294
2015022095
2021010192
2014000851
2022027107
2013018892
2015008042
2021025161
2019017538
2015018879
2018002461
2020012260
2014000130
2020014638
2016006633
2017009480
2021004668
2019002235
2016009794
2016012281
2016022032
2020028193
2019024438
2018003667
2013012340
2013002174
2020000416
2019009403
2015012401
2019021664
2020013803
2020022340
2014019251
2021030950
2022019444
2014020499
2016022064
2015009574
2016013002
2014021027
2015029533
2015012010
2021022355
2018004204
2013012590
2014021529
2021003379
2014000150
2022014340
2019031247
2019003661
2014009655
2016003475
2022007826
2018002674
2022012922
2014028503
2013028584
2013000703
2022024334
2015028622
2018002186
2022017811
2013017664
2014023442
2015015884
2013016792
2015029766
2017011579
2020018446
2018005022
2018017134
2013027812
2022001365
2021009240
2015021783
2014011384
2015027096
2015011393
2018026735
2013000620
2020027852
2020009046
2016011327
2014001601
2017015219
2020006923
2017005480
2019023052
2017017511
2015029690
2016030248
2020026626
2013025700
2015010064
2013007381
