2017002976
2019008558
2017013257
2020026650
2017008912
2022001055
2015023686
2016005370
2015030541
2016018876
2013012579
2017006142
2014030593
2018012204
2018002488
2020002725
2022011513
2020012088
2013029670
2018014566
2022011904
2022014757
2021001581
2019020135
2016009607
2016014193
2018028238
2013029961
2017012277
2018029660
2017031873
2013023842
2019013406
2018029993
2013027664
2020007457
2013020035
2014023407
2019010005
2016031714
2020012653
2020008643
2015019154
2020001734
2018000908
2013013347
2020031111
2019024985
2021001864
2020031249
2020007719
2017029243
2014021490
2014025870
2018002088
2019031424
2015016830
2018007172
2017003531
2020029136
2016019671
2020024493
2021010306
2022027365
2016028187
2017016673
2014008351
2013015418
2019016583
2022002074
2019004844
2021013622
2013005431
2013016809
2022013466
2018011970
2016005954
2014002072
2016017889
2019021369
2018029801
2014014592
2020031044
2021009757
2019028078
2022017237
2021002473
2017023947
2021025414
2017026982
2013019905
2014018815
2014007207
2020018617
