2013019793
2017011510
2022005497
2016019772
2017017211
2019008895
2013027497
2020023832
2013010336
2017010210
2022002866
2014024635
2019018596
2017029347
2019029046
2016001908
2019018013
2013031933
2017022865
2022016991
2017020458
2013016572
2016026112
2016019382
2013003156
2017020862
2014023750
2017016490
2013012061
2022011104
2022019818
2014025463
2022030712
2016027084
2019032124
2018022241
2019006595
2016028186
2019031800
2022012519
2014027480
2016000808
2013003309
2022012522
2015000204
2016005725
2017007875
2021020641
2017005169
2018003742
2014028632
2019004861
2013014743
2014031061
2013015329
2022027860
2019001221
2022032663
2017006160
2015024190
2017015820
2016027641
2018030634
2021003354
2014005276
2022006906
2022032055
2019006631
2020007201
2015006553
2019002527
2022007611
2013003221
2021021442
2020001950
2016018667
2016009938
2017029626
2019014917
2016007400
2021016251
2022004264
2016027178
2015022290
2022016354
2013018659
