2021003809
2017015499
2019016268
2015003336
2021008294
2021026063
2017020150
2014020530
2022010277
2018004928
2015015642
2019009469
2020017109
2020012865
2014014322
2019014346
2014023247
2018028508
2018016307
2020028274
2017015118
2022028219
2015028860
2021020584
2013001233
2016023071
2022018274
2018020528
2021009230
2015016498
2018000844
2018006496
2020001338
2019012969
2020005159
2019004842
2016015159
2021000475
2013003822
2018027208
2016005141
2017007750
2020026090
2016021308
2016009146
2018029918
2014007561
2016004052
2015016966
2015018298
2019008505
2017002584
2013009210
2016027301
2018011436
2014030290
2022026847
2019019633
2013026233
2018008632
2019022519
2020028748
2014021882
2021013673
2021012148
2021022726
2014020312
2019004538
2019013640
2017027143
2019000748
2018003444
2022020128
2018019512
2020007564
2022008668
2017019580
2016014705
2016032700
2022005798
2022028069
2013011703
2019029550
2017020123
2017032742
2022026386
2018029464
2014002074
2014023551
2016000685
2021013520
2018032573
2016017517
2022000661
2014023489
2014017689
2020015859
2020025570
