2015024418
2022005834
2020018381
2021029015
2020031858
2022031666
2018011456
2014020980
2019018796
2017032146
2022020617
2021028381
2020006559
2013003986
2013007608
2015015357
2013032006
2017008282
2021020682
2017030080
2019018426
2020021976
2020008249
2017004754
2016030131
2013007308
2015019146
2022011142
2017014278
2022015669
2019015259
2015020347
2017003747
2020001448
2014017552
2018030436
2019023348
2014017161
2019019434
2020018304
2021002716
2020026562
2018029634
2015030103
2022013602
2022017582
2019012681
2013008195
2022005842
2022012000
2014017140
2017027220
2021029242
2018020959
2018024957
2019020144
2019023578
2017012874
2014022137
2017026061
2021023085
2015029327
2016000975
2016001265
2018032447
2013022994
2018001963
2014024603
2021014135
2022003188
2018018296
2014029822
2015004631
2017000785
2014000821
2020025651
2018011837
2016026774
2022032688
2015000221
2021016300
2020017842
2020006802
2013027580
2016029973
2014001971
2022004931
2014015167
2020001388
2020003749
2013026658
2019000115
2014000226
2017031462
2014009273
2019013102
2019013563
2021010218
2019000697
2020027933
2017028530
2018030636
2021013532
2020024368
2018025548
2017023944
2013015726
2021015096
2013002679
2015031823
2017001717
2021009856
2017026249
2017026967
2017014854
2020005885
2015019286
2019028453
2018015198
2018003069
2014018651
2017032629
2020019392
2021002821
2015013480
2018025039
2022005871
2019022719
2019006906
2015017743
2018018143
2016003484
2014024496
2022015693
2014021979
2019032713
2019009699
2013002861
2017016990
2017027782
2013012278
2019020200
2014032142
2020031426
2017010647
2016018301
2016017194
2022011102
2015017341
2022030582
2021026700
2020005559
2014018409
2022014945
2021002437
2021001122
2020024787
2021008416
2017023495
2016005481
2014021808
2016026818
2015002601
2019026141
2013000922
2021022298
2019000472
2013032155
2017002381
2017019891
2021004111
2018029946
2014026454
2022000260
2022007343
2019031548
