2018032224
2021027029
2016003518
2020026941
2015015959
2018030276
2014022511
2016029264
2015013880
2022014675
2021004987
2016030350
2013028218
2013009555
2018005320
2021032165
2016016814
2021023449
2020001032
2018029628
2015025468
2018002755
2021019867
2017000243
2018031097
2015003177
2020002391
2013012348
2015006560
2018005769
2016002893
2020021674
2022008386
2016009765
2015030925
2017026953
2018013007
2020014805
2019022087
2021019903
2018002736
2018010095
2015001807
2015028981
2020006002
2017025349
2015019350
2021015287
2013021833
2019028527
2016002517
2017005827
2022031976
2013001714
2017000982
2020000578
2019022150
2017017732
2016022461
2016023439
2021002344
2017022482
2016025903
2019003003
2016027442
2014011325
2017026505
2022006711
2018011867
2022022572
2015031732
2017016655
2014029106
2014014971
2014004051
2018007652
2013029760
2015023433
2020012928
2017011798
2021013085
2013006949
2013017772
2022015866
2013016528
2015025446
2015026658
2013017887
2019007291
2020002923
2013032093
2016009236
2019017928
2013012578
