2015013689
2019007131
2017007582
2021027825
2018019168
2014011369
2021019087
2015019433
2021008912
2019030453
2015022054
2014010596
2013031815
2016022320
2013021702
2022020739
2018009966
2019019213
2015030470
2020028461
2021025185
2015024418
2022005834
2020018381
2021029015
2020031858
2022031666
2018011456
2014020980
2019018796
2017032146
2022020617
2021028381
2020006559
2013003986
2013007608
2015015357
2013032006
2017008282
2021020682
2017030080
2019018426
2020021976
2020008249
2017004754
2016030131
2013007308
2015019146
2022011142
2017014278
2022015669
2019015259
2015020347
2017003747
2020001448
2014017552
2018030436
2019023348
2014017161
2019019434
2020018304
2021002716
2020026562
2018029634
2015030103
2022013602
2022017582
2019012681
2013008195
2022005842
2022012000
2014017140
2017027220
2021029242
2018020959
2018024957
2019020144
2019023578
2017012874
2014022137
2017026061
2021023085
2015029327
2016000975
2016001265
2018032447
2013022994
2018001963
2014024603
2021014135
