2015025304
2017007209
2019013698
2014011270
2017019590
2020015389
2020030986
2013032406
2016005286
2013010884
2019012612
2022011259
2022030464
2018023804
2016001117
2018031644
2018004158
2021000351
2022018042
2016025569
2014027087
2019016448
2014012464
2016029543
2017019096
2016017375
2018021432
2018029466
2017005312
2018021518
2022010318
2020009123
2020019021
2018030974
2018023088
2014007356
2020017096
2016029230
2017004785
2021005727
2014001780
2018014097
2020003766
2014014483
2020013943
2013006386
2019009392
2014016820
2013020263
2017021981
2018031753
2020029227
2020006540
2014008902
2022011766
2013010369
2022019873
2016030660
2014002980
2022016091
2020023386
2021005115
2016030179
2017003047
2013023369
2013032288
2021030470
2017025523
2018029214
2015010341
2020024657
2016012413
2016005554
2017007007
2014015945
2018008790
2021016787
2018001839
2013003746
2020006335
2021016630
2013027835
2017011191
2019011030
2016013881
2021032380
2017028203
2013007799
2014002032
2018028458
2021014739
2020023671
2021005138
2020008668
2015030325
2015002720
2018031036
2019022267
2014003740
2021025581
2016000711
2015002802
2014016615
2021021017
2020003604
2022010035
2019005385
2021005912
2019004716
2021024414
2022018755
2016016840
2016004774
2013022451
2016002933
2013016922
2016001787
2015001959
2021023789
2017012719
2017001153
