2022010206
2019030911
2014022387
2018008301
2018013280
2014022941
2017028203
2019026665
2021016028
2015008682
2014028231
2014021317
2017024693
2019012258
2013021699
2017010086
2013008001
2013011025
2016004727
2014019608
2017025816
2018009647
2014005704
2017015321
2014022496
2014003110
2022026566
2017018116
2021028157
2015032371
2018011606
2015004837
2013013027
2019022778
2016004262
2020029189
2015003112
2017023526
2014003840
2014021144
2019028037
2019020983
2022021639
2018014562
2017018244
2022010280
2020000280
2016013565
2021005787
2014021258
2017017765
2018018081
2013014015
2017015355
2016013882
2016026219
2014020881
2016030896
2014029411
2022003614
2021004078
2017016194
2020004036
2015025534
2020001240
2014007623
2013016942
2020005013
2016015568
2015025790
2015023252
2018031292
2018013688
2017004499
2018013788
2015027269
2015009901
2014007244
2015023205
2016010893
2013019309
2018013765
2018007676
2017015634
2013019909
2019014476
2021004134
2014003687
2021031104
2018028589
2013004764
2022013333
2015016191
2016000621
2014010905
