2013012832
2020009208
2022026022
2017023441
2017003703
2016003870
2016009442
2020024261
2019003425
2016020344
2018021142
2017012383
2014012262
2021007672
2016012418
2019006626
2021030573
2022021858
2019030951
2016016762
2021001001
2014015882
2018010863
2021005868
2021002674
2014020404
2014021765
2013017065
2017002549
2014008491
2018019784
2022000556
2013001328
2018007760
2015007498
2014011409
2018014181
2013021521
2013025461
2013020596
2018013345
2022015369
2018003092
2020011333
2018002943
2013032389
2014025298
2016020853
2022014761
2015023154
2019008227
2016004901
2016027072
2017031288
2018027065
2021007611
2021007926
2019012559
2013029215
2015024165
2015000119
2015000575
2015018954
2022017272
2019007200
2015012480
2019024408
2019021771
2021030080
2013017627
2022018232
2019031863
2021016184
2021004585
2018022672
2018025456
2015032515
2016023143
2017015402
2022015489
2021001314
2022022122
2020004769
2019001507
2020032317
2015031138
2013023573
2017011971
2014007689
2019001343
2022003555
2018010642
2021016256
2021003264
2018013608
